     0.00449801     433933394.6
     0.00449801     393462147.3
     0.00452811             0.0
     0.00452811     471518801.1
     0.00457130     433151972.6
     0.00457130             0.0
     0.00460742             0.0
     0.00460742     424772600.8
     0.00466128             0.0
     0.00466128     425425485.5
     0.00472059             0.0
     0.00472059     431833110.5
     0.00477700             0.0
     0.00477700     439579410.4
     0.00483040     448451035.0
     0.00483040             0.0
     0.00488069             0.0
     0.00488069     458172579.4
     0.00493063             0.0
     0.00493063     468735434.1
     0.00498166     480320258.8
     0.00498166             0.0
     0.00503385             0.0
     0.00503385     492798900.8
     0.00508568     505914721.1
     0.00508568             0.0
     0.00513747             0.0
     0.00513747     519747438.7
     0.00518924             0.0
     0.00518924     534276286.7
     0.00523949     549278427.3
     0.00523949             0.0
     0.00528974             0.0
     0.00528974     565127198.6
     0.00534073             0.0
     0.00534073     582106272.1
     0.00539248             0.0
     0.00539248     600248675.7
     0.00544421             0.0
     0.00544421     619428769.1
     0.00549443             0.0
     0.00549443     639504330.5
     0.00554464     660824420.8
     0.00554464             0.0
     0.00559562     683763032.3
     0.00559562             0.0
     0.00564660     708458471.3
     0.00564660             0.0
     0.00569758             0.0
     0.00569758     735035424.9
     0.00574858     763761328.0
     0.00574858             0.0
     0.00579960             0.0
     0.00579960     794944148.2
     0.00585063             0.0
     0.00585063     828978456.0
     0.00590170             0.0
     0.00590170     866288759.4
     0.00595279             0.0
     0.00595279     907457366.7
     0.00600392     953163604.6
     0.00600392             0.0
     0.00605510    1004310281.8
     0.00605510             0.0
     0.00610633    1061850466.6
     0.00610633             0.0
     0.00615762    1126903422.8
     0.00615762             0.0
     0.00620899    1199406294.6
     0.00620899             0.0
     0.00626046    1281970255.2
     0.00626046             0.0
     0.00631206             0.0
     0.00631206    1355725523.3
     0.00636381             0.0
     0.00636381    1620677738.1
     0.00641576             0.0
     0.00641576    1914760459.4
     0.00646716    2355924090.8
     0.00646716             0.0
     0.00651777             0.0
     0.00651777    3655091079.4
     0.00656842             0.0
     0.00656842    3563272068.1
     0.00662073    2716532336.0
     0.00662073             0.0
     0.00667612             0.0
     0.00667612    2250010314.8
     0.00673892    1995773413.3
     0.00673892             0.0
     0.00680551    1848795842.1
     0.00680551             0.0
     0.00686304             0.0
     0.00686304    1768999609.1
     0.00691550    1721352664.4
     0.00691550             0.0
     0.00696951             0.0
     0.00696951    1688339477.7
     0.00702439             0.0
     0.00702439    1675350401.3
     0.00707894    1684089405.5
     0.00707894             0.0
     0.00713210             0.0
     0.00713210    1699257702.6
     0.00718697             0.0
     0.00718697    1722754966.8
     0.00724940             0.0
     0.00724940    1770967977.3
     0.00731283             0.0
     0.00731283    1859550421.2
     0.00736824             0.0
     0.00736824    1991200623.2
     0.00742254             0.0
     0.00742254    2199250055.6
     0.00747860             0.0
     0.00747860    2581850879.8
     0.00753314    3495257951.9
     0.00753314             0.0
     0.00758542    3821588420.1
     0.00758542             0.0
     0.00763761    2426330605.0
     0.00763761             0.0
     0.00768964             0.0
     0.00768964    1969314960.5
     0.00774071             0.0
     0.00774071    1685866180.5
     0.00779161             0.0
     0.00779161    1455152042.4
     0.00784238    1332744049.9
     0.00784238             0.0
     0.00789304             0.0
     0.00789304    1228024017.3
     0.00794362             0.0
     0.00794362    1140545940.7
     0.00799414             0.0
     0.00799414    1067147626.1
     0.00804460             0.0
     0.00804460    1003832890.2
     0.00809504             0.0
     0.00809504     948179765.6
     0.00814545     898483982.2
     0.00814545             0.0
     0.00819584             0.0
     0.00819584     853641574.3
     0.00824623             0.0
     0.00824623     812792061.5
     0.00829738             0.0
     0.00829738     775059445.9
     0.00834777     740484187.7
     0.00834777             0.0
     0.00839742     708669152.9
     0.00839742             0.0
     0.00844785     678726196.3
     0.00844785             0.0
     0.00849829             0.0
     0.00849829     650648412.9
     0.00854875             0.0
     0.00854875     624252704.9
     0.00859923             0.0
     0.00859923     599397775.6
     0.00864900     576051692.4
     0.00864900             0.0
     0.00869879             0.0
     0.00869879     553852955.8
     0.00874859             0.0
     0.00874859     532634596.6
     0.00879843             0.0
     0.00879843     512227930.1
     0.00884978     492224545.4
     0.00884978             0.0
     0.00890117     472792470.9
     0.00890117             0.0
     0.00895183     454162227.5
     0.00895183             0.0
     0.00900252             0.0
     0.00900252     436180102.1
     0.00905250             0.0
     0.00905250     419070394.1
     0.00910146             0.0
     0.00910146     402889633.5
     0.00915026             0.0
     0.00915026     387255420.1
     0.00920134     371554311.6
     0.00920134             0.0
     0.00925756             0.0
     0.00925756     355221879.5
     0.00931707             0.0
     0.00931707     338695123.7
     0.00937980             0.0
     0.00937980     320944265.6
     0.00943617             0.0
     0.00943617     309383190.0
     0.00947333             0.0
     0.00947333     306139971.0
     0.00951219     324596208.2
     0.00951219             0.0
     0.00953743     289426229.5
     0.00953743     246391944.5
