     0.00600358    2137101307.0
     0.00600358    2092346697.2
     0.00601529             0.0
     0.00601529    2436815694.2
     0.00604274             0.0
     0.00604274    2078790987.0
     0.00606907    1985538786.2
     0.00606907             0.0
     0.00609339             0.0
     0.00609339    1936816037.1
     0.00611811    1930392446.4
     0.00611811             0.0
     0.00614361    1940413217.4
     0.00614361             0.0
     0.00616891             0.0
     0.00616891    1960449217.2
     0.00619443    1989437839.8
     0.00619443             0.0
     0.00622035    2027568974.3
     0.00622035             0.0
     0.00624678    2075446513.4
     0.00624678             0.0
     0.00627375    2133123666.5
     0.00627375             0.0
     0.00630129             0.0
     0.00630129    2201014806.7
     0.00632900    2279824648.9
     0.00632900             0.0
     0.00635693             0.0
     0.00635693    2371880762.2
     0.00638513    2481651574.3
     0.00638513             0.0
     0.00641330             0.0
     0.00641330    2616919597.1
     0.00644191    2790429891.6
     0.00644191             0.0
     0.00647106             0.0
     0.00647106    3025751344.7
     0.00650109    3357642799.5
     0.00650109             0.0
     0.00653343    4051377079.8
     0.00653343             0.0
     0.00657189    4541002166.8
     0.00657189             0.0
     0.00662250             0.0
     0.00662250    3736346473.1
     0.00667639    3412860175.8
     0.00667639             0.0
     0.00673476    3127777703.5
     0.00673476             0.0
     0.00678831    2912255162.0
     0.00678831             0.0
     0.00682482             0.0
     0.00685925    2818213355.9
     0.00688757             0.0
     0.00695548             0.0
     0.00695548    2557963019.0
     0.00702071    2603501786.5
     0.00702071             0.0
     0.00708549             0.0
     0.00708549    2589571873.7
     0.00714905    2620221653.7
     0.00714905             0.0
     0.00721366    2698577259.5
     0.00721366             0.0
     0.00727793    2831473153.1
     0.00727793             0.0
     0.00733803    3092397615.0
     0.00733803             0.0
     0.00740006             0.0
     0.00742683    4249093960.0
     0.00745866             0.0
     0.00749709    3629000041.5
     0.00749709             0.0
     0.00754481    1905553324.5
     0.00754481             0.0
     0.00759637    3690667586.0
     0.00759637             0.0
     0.00763886    5598722149.9
     0.00763886             0.0
     0.00767174    3934612947.2
     0.00767174             0.0
     0.00770088    3259911100.5
     0.00770088             0.0
     0.00772798             0.0
     0.00772798    2896492396.2
     0.00775374             0.0
     0.00775374    2675014896.2
     0.00777816    2525516784.7
     0.00777816             0.0
     0.00780141             0.0
     0.00780141    2415887033.8
     0.00782368    2331236820.9
     0.00782368             0.0
     0.00784514    2263300578.2
     0.00784514             0.0
     0.00786590    2207430927.7
     0.00786590             0.0
     0.00788611    2160390542.8
     0.00788611             0.0
     0.00790585    2120422358.0
     0.00790585             0.0
     0.00792522    2086568077.9
     0.00792522             0.0
     0.00794426    2058657271.2
     0.00794426             0.0
     0.00796270    2037738314.8
     0.00796270             0.0
     0.00798053    2024636989.9
     0.00798053             0.0
     0.00799822    2021792423.9
     0.00799822             0.0
     0.00801631             0.0
     0.00801631    2029316847.3
     0.00803457             0.0
     0.00803457    2048631345.8
     0.00803923    2309215517.2
     0.00803923    2708270946.3
     0.00804988    2093316736.2
     0.00804988             0.0
     0.00805956             0.0
     0.00805956    2656535329.6
     0.00806098             0.0
     0.00806098    2173150262.6
