     0.00449801     638493384.9
     0.00449801     578675699.9
     0.00452811             0.0
     0.00452811     694279114.4
     0.00457130     637989369.8
     0.00457130             0.0
     0.00460742             0.0
     0.00460742     625691818.6
     0.00466128             0.0
     0.00466128     626979454.6
     0.00472059             0.0
     0.00472059     636772466.6
     0.00477700             0.0
     0.00477700     648671773.1
     0.00483040     662220658.2
     0.00483040             0.0
     0.00488069             0.0
     0.00488069     676987741.8
     0.00493063             0.0
     0.00493063     692979073.6
     0.00498166     710540641.8
     0.00498166             0.0
     0.00503385             0.0
     0.00503385     729490034.2
     0.00508568     749446841.7
     0.00508568             0.0
     0.00513747             0.0
     0.00513747     770554616.0
     0.00518924             0.0
     0.00518924     792773331.1
     0.00523949     815756517.6
     0.00523949             0.0
     0.00528974             0.0
     0.00528974     840075779.6
     0.00534073             0.0
     0.00534073     866215261.2
     0.00539248             0.0
     0.00539248     894211839.5
     0.00544421             0.0
     0.00544421     923872774.9
     0.00549443             0.0
     0.00549443     954984759.4
     0.00554464     988097505.6
     0.00554464             0.0
     0.00559562    1023835909.7
     0.00559562             0.0
     0.00564660    1062406728.6
     0.00564660             0.0
     0.00569758             0.0
     0.00569758    1104045227.0
     0.00574858    1149183835.2
     0.00574858             0.0
     0.00579960             0.0
     0.00579960    1198353352.7
     0.00585063             0.0
     0.00585063    1252204977.8
     0.00590170             0.0
     0.00590170    1311551918.9
     0.00595279             0.0
     0.00595279    1377410061.8
     0.00600392    1451048256.6
     0.00600392             0.0
     0.00605510    1534256926.4
     0.00605510             0.0
     0.00610633    1629404180.1
     0.00610633             0.0
     0.00615762    1739824849.2
     0.00615762             0.0
     0.00620899    1870460493.5
     0.00620899             0.0
     0.00626046    2029131509.7
     0.00626046             0.0
     0.00631206             0.0
     0.00631206    2229393550.5
     0.00636381             0.0
     0.00636381    2492646001.7
     0.00641576             0.0
     0.00641576    2877901422.4
     0.00646716    3468924895.9
     0.00646716             0.0
     0.00651777             0.0
     0.00651777    4939783486.6
     0.00656842             0.0
     0.00656842    5671293998.8
     0.00662073    4479031397.4
     0.00662073             0.0
     0.00667612             0.0
     0.00667612    3644342558.1
     0.00673892    3247518088.4
     0.00673892             0.0
     0.00680551    3017551416.6
     0.00680551             0.0
     0.00686304             0.0
     0.00686304    2877830786.7
     0.00691550    2789979038.2
     0.00691550             0.0
     0.00696951             0.0
     0.00696951    2700921315.4
     0.00702439             0.0
     0.00702439    2661859774.5
     0.00707894    2726043426.2
     0.00707894             0.0
     0.00713210             0.0
     0.00713210    2819556213.0
     0.00718697             0.0
     0.00718697    2909833051.1
     0.00724940             0.0
     0.00724940    3045355995.4
     0.00731283             0.0
     0.00731283    3270925980.5
     0.00736824             0.0
     0.00736824    3637698339.8
     0.00742254             0.0
     0.00742254    4326044573.5
     0.00747860             0.0
     0.00747860    5376616644.2
     0.00753314    4969915480.3
     0.00753314             0.0
     0.00758542    3535151797.1
     0.00758542             0.0
     0.00763761    2944259239.5
     0.00763761             0.0
     0.00768964             0.0
     0.00768964    2547078601.0
     0.00774071             0.0
     0.00774071    2276918577.0
     0.00779161             0.0
     0.00779161    2069950259.7
     0.00784238    1904935605.9
     0.00784238             0.0
     0.00789304             0.0
     0.00789304    1768520678.1
     0.00794362             0.0
     0.00794362    1652592635.9
     0.00799414             0.0
     0.00799414    1552169038.9
     0.00804460             0.0
     0.00804460    1463806609.8
     0.00809504             0.0
     0.00809504    1385069537.6
     0.00814545    1314105864.5
     0.00814545             0.0
     0.00819584             0.0
     0.00819584    1249622366.7
     0.00824623             0.0
     0.00824623    1190588648.5
     0.00829738             0.0
     0.00829738    1135793646.5
     0.00834777    1085400603.6
     0.00834777             0.0
     0.00839742    1038877668.7
     0.00839742             0.0
     0.00844785     994975365.8
     0.00844785             0.0
     0.00849829             0.0
     0.00849829     953740406.7
     0.00854875             0.0
     0.00854875     914911672.5
     0.00859923             0.0
     0.00859923     878300050.9
     0.00864900     843881841.8
     0.00864900             0.0
     0.00869879             0.0
     0.00869879     811136012.6
     0.00874859             0.0
     0.00874859     779831860.2
     0.00879843             0.0
     0.00879843     749725236.4
     0.00884978     720224522.3
     0.00884978             0.0
     0.00890117     691571690.7
     0.00890117             0.0
     0.00895183     664111332.1
     0.00895183             0.0
     0.00900252             0.0
     0.00900252     637625683.6
     0.00905250             0.0
     0.00905250     612457547.2
     0.00910146             0.0
     0.00910146     588688215.2
     0.00915026             0.0
     0.00915026     565707351.2
     0.00920134     542630847.8
     0.00920134             0.0
     0.00925756             0.0
     0.00925756     518635694.5
     0.00931707             0.0
     0.00931707     494278835.0
     0.00937980             0.0
     0.00937980     468344272.5
     0.00943617             0.0
     0.00943617     451378882.7
     0.00947333             0.0
     0.00947333     446651656.1
     0.00951219     473694988.2
     0.00951219             0.0
     0.00953743     422196203.2
     0.00953743     359383016.2
