     0.00449868     639063237.6
     0.00449868     579141507.0
     0.00452884             0.0
     0.00452884     694786930.0
     0.00457210     638631377.1
     0.00457210             0.0
     0.00460829             0.0
     0.00460829     626415044.4
     0.00466223             0.0
     0.00466223     627783333.9
     0.00472167             0.0
     0.00472167     637661266.7
     0.00477819             0.0
     0.00477819     649666889.7
     0.00483171     663352015.0
     0.00483171             0.0
     0.00488211             0.0
     0.00488211     678273990.7
     0.00493217             0.0
     0.00493217     694443520.8
     0.00498332     712218373.8
     0.00498332             0.0
     0.00503565             0.0
     0.00503565     731420395.4
     0.00508761     751668615.7
     0.00508761             0.0
     0.00513955             0.0
     0.00513955     773116277.5
     0.00519147             0.0
     0.00519147     795729010.7
     0.00524187     819166152.2
     0.00524187             0.0
     0.00529227             0.0
     0.00529227     844022403.8
     0.00534343             0.0
     0.00534343     870816582.3
     0.00539536             0.0
     0.00539536     899608596.1
     0.00544728             0.0
     0.00544728     930227656.8
     0.00549768             0.0
     0.00549768     962475653.7
     0.00554809     996967301.1
     0.00554809             0.0
     0.00559926    1034381224.3
     0.00559926             0.0
     0.00565045    1075003657.4
     0.00565045             0.0
     0.00570164             0.0
     0.00570164    1119171373.6
     0.00575285    1167467524.0
     0.00575285             0.0
     0.00580407             0.0
     0.00580407    1220602869.1
     0.00585531             0.0
     0.00585531    1279492994.3
     0.00590658             0.0
     0.00590658    1345301719.8
     0.00595788             0.0
     0.00595788    1419621032.9
     0.00600921    1504601214.5
     0.00600921             0.0
     0.00606058    1603279226.8
     0.00606058             0.0
     0.00611199    1720186933.5
     0.00611199             0.0
     0.00616345    1862240201.0
     0.00616345             0.0
     0.00621498    2041356240.1
     0.00621498             0.0
     0.00626659    2276670474.2
     0.00626659             0.0
     0.00631829             0.0
     0.00631829    2621348781.5
     0.00637010             0.0
     0.00637010    3147620292.1
     0.00642202             0.0
     0.00642202    4495765077.7
     0.00647340    5065618357.4
     0.00647340             0.0
     0.00652421             0.0
     0.00652421    3906244361.8
     0.00657458             0.0
     0.00657458    3217481650.9
     0.00662449    2942233291.8
     0.00662449             0.0
     0.00667753             0.0
     0.00667753    2730036416.1
     0.00673801    2573236525.9
     0.00673801             0.0
     0.00680362    2384573551.5
     0.00680362             0.0
     0.00686072             0.0
     0.00686072    2177460721.6
     0.00691248    2288816331.1
     0.00691248             0.0
     0.00696583             0.0
     0.00696583    2347837473.5
     0.00702005             0.0
     0.00702005    2263736479.8
     0.00707386    2292658711.7
     0.00707386             0.0
     0.00712631             0.0
     0.00712631    2415270790.1
     0.00718041             0.0
     0.00718041    2519584987.7
     0.00724213             0.0
     0.00724213    2723357406.6
     0.00730505             0.0
     0.00730505    2843699111.2
     0.00735916             0.0
     0.00735916    1845572895.1
     0.00741127             0.0
     0.00741127    2186700955.2
     0.00746534             0.0
     0.00746534    3313788956.4
     0.00751888    4130064425.5
     0.00751888             0.0
     0.00757117    5219896581.4
     0.00757117             0.0
     0.00762377    4871304672.6
     0.00762377             0.0
     0.00767600             0.0
     0.00767600    3307568824.2
     0.00772737             0.0
     0.00772737    2736457559.9
     0.00777864             0.0
     0.00777864    2361734020.0
     0.00782980    2107633373.7
     0.00782980             0.0
     0.00788087             0.0
     0.00788087    1914838127.0
     0.00793187             0.0
     0.00793187    1761869598.7
     0.00798282             0.0
     0.00798282    1635766367.4
     0.00803372             0.0
     0.00803372    1528995072.0
     0.00808458             0.0
     0.00808458    1436725435.9
     0.00813541    1355588425.7
     0.00813541             0.0
     0.00818622             0.0
     0.00818622    1283328749.5
     0.00823701             0.0
     0.00823701    1218234772.6
     0.00828855             0.0
     0.00828855    1158645762.7
     0.00833932    1104474498.4
     0.00833932             0.0
     0.00838932    1054949197.3
     0.00838932             0.0
     0.00844009    1008596883.9
     0.00844009             0.0
     0.00849086             0.0
     0.00849086     965366268.7
     0.00854163             0.0
     0.00854163     924903933.8
     0.00859240             0.0
     0.00859240     886948688.5
     0.00864244     851423797.9
     0.00864244             0.0
     0.00869247             0.0
     0.00869247     817751772.9
     0.00874252             0.0
     0.00874252     785665700.1
     0.00879257             0.0
     0.00879257     754892921.4
     0.00884414     724811725.9
     0.00884414             0.0
     0.00889572     695658938.4
     0.00889572             0.0
     0.00894656     667772801.5
     0.00894656             0.0
     0.00899743             0.0
     0.00899743     640920260.8
     0.00904755             0.0
     0.00904755     615439747.6
     0.00909666             0.0
     0.00909666     591404539.6
     0.00914559             0.0
     0.00914559     568190843.3
     0.00919679     544902870.2
     0.00919679             0.0
     0.00925313             0.0
     0.00925313     520710057.6
     0.00931276             0.0
     0.00931276     496173470.8
     0.00937561             0.0
     0.00937561     470060822.2
     0.00943208             0.0
     0.00943208     452981471.5
     0.00946930             0.0
     0.00946930     448196836.1
     0.00950822     475258624.4
     0.00950822             0.0
     0.00953351     423645937.3
     0.00953351     360607898.9
